1 0 5 24 27 45 58 61 62 64 69 78 81 91 95 -999
2 27 36 -999
3 2 4 16 18 21 26 47 53 82 92 95 -999
4 3 11 12 22 33 35 38 67 69 94 99 -999
5 11 23 29 37 41 44 47 53 57 59 62 64 68 -999
6 1 5 6 16 23 29 35 40 42 46 48 50 64 70 84 88 90 93 -999
7 8 18 23 26 31 37 38 39 40 44 56 66 76 82 -999
8 4 6 15 30 33 39 41 58 77 -999
9 12 21 24 29 45 61 70 72 73 77 86 90 97 -999
10 7 24 30 31 37 41 50 52 53 55 57 66 67 74 87 91 -999
11 9 45 58 -999
12 88 -999
13 6 46 -999
14 0 10 13 24 37 55 59 62 68 91 -999
15 2 36 41 50 74 83 91 95 -999
16 -999
17 0 18 21 27 28 34 38 48 53 67 68 81 84 88 93 99 -999
18 7 9 10 13 14 17 21 83 -999
19 0 2 3 8 9 19 24 35 44 49 51 56 85 89 95 98 -999
20 0 3 14 18 23 43 48 58 80 81 87 96 98 -999
21 9 22 38 57 72 79 90 92 98 -999
22 2 11 15 28 33 34 46 55 56 58 62 69 72 75 86 88 91 -999
23 16 44 -999
24 98 -999
25 21 51 -999
26 0 1 2 3 10 12 23 26 55 57 61 69 75 76 82 85 88 89 92 -999
27 12 21 25 29 32 34 41 45 49 54 55 57 68 69 76 89 92 -999
28 -999
29 5 16 23 29 37 39 49 53 66 79 82 86 87 88 93 95 96 97 -999
30 1 8 12 13 14 16 32 34 45 53 55 63 71 85 86 -999
31 21 22 29 35 44 46 50 56 58 61 81 82 96 -999
32 10 13 24 39 44 45 49 53 54 59 66 86 92 -999
33 2 5 14 18 22 24 25 34 58 68 74 77 87 91 -999
34 18 33 59 63 68 70 73 77 85 87 92 97 -999
35 13 80 -999
36 2 23 24 25 27 43 99 -999
37 3 5 22 25 31 32 42 61 81 86 92 93 -999
38 0 13 60 87 -999
39 11 19 24 33 35 40 50 60 67 70 85 94 95 96 -999
40 2 58 71 76 94 -999
41 18 51 64 78 84 93 -999
42 0 9 10 15 26 27 43 52 57 58 60 64 65 70 76 77 82 86 87 -999
43 2 20 23 25 27 28 29 37 60 61 62 64 95 96 -999
44 16 30 -999
45 11 20 47 53 71 90 -999
46 40 51 63 88 -999
47 0 29 -999
48 0 3 7 8 13 24 39 57 58 60 65 77 78 -999
49 1 5 28 50 60 84 93 -999
50 -999
51 4 16 23 26 35 37 50 56 57 72 85 -999
52 12 17 22 23 29 41 61 65 69 85 96 -999
53 7 11 32 34 35 48 53 54 55 57 62 63 67 69 72 75 83 84 96 -999
54 1 5 11 21 23 25 26 34 41 42 50 54 59 70 75 79 83 98 -999
55 0 5 13 34 37 41 48 55 56 62 76 81 93 -999
56 11 13 18 24 40 42 43 52 62 72 73 75 77 78 96 -999
57 12 17 31 32 40 69 85 88 90 95 -999
58 3 5 14 29 35 40 44 45 51 53 58 59 64 81 89 90 92 -999
59 1 8 13 27 29 40 41 49 56 61 67 74 77 92 97 -999
60 1 13 24 27 28 47 59 70 75 83 84 86 87 92 98 -999
61 3 6 21 63 -999
62 10 71 89 -999
63 -999
64 13 19 42 91 -999
65 5 18 32 50 -999
66 3 12 13 22 39 45 46 47 48 64 71 75 78 84 98 -999
67 8 19 40 44 45 62 65 85 89 -999
68 0 1 3 15 23 27 28 32 43 47 52 63 65 69 70 72 87 88 -999
69 9 37 63 -999
70 8 21 42 46 54 58 60 81 88 -999
71 20 26 30 35 36 43 48 49 67 83 -999
72 24 29 38 48 53 -999
73 57 59 66 -999
74 11 18 26 55 -999
75 1 49 55 84 96 -999
76 4 5 6 12 13 26 29 42 48 64 72 73 75 93 96 -999
77 14 36 41 56 94 -999
78 11 15 25 30 31 36 37 38 41 55 82 86 -999
79 8 16 33 34 50 52 53 54 62 93 -999
80 3 34 56 -999
81 0 9 13 17 18 24 28 80 -999
82 2 3 9 20 23 31 43 48 50 53 55 61 64 69 74 76 82 89 -999
83 3 4 8 10 13 19 22 37 38 45 59 61 71 81 85 89 92 98 -999
84 0 8 15 17 30 37 55 58 59 61 64 69 71 93 -999
85 10 12 15 32 41 51 54 56 73 74 77 79 80 82 84 85 88 89 98 -999
86 0 8 23 28 33 41 63 71 74 78 84 85 90 -999
87 25 29 50 53 68 76 95 -999
88 5 9 16 21 26 28 40 49 62 64 66 67 79 80 81 86 87 93 -999
89 64 -999
90 2 15 23 24 31 41 45 62 73 -999
91 2 7 12 18 68 81 -999
92 8 9 12 14 30 31 45 48 52 54 56 84 90 91 93 96 -999
93 4 18 22 23 38 39 52 58 59 66 69 79 95 98 -999
94 22 33 46 58 62 96 -999
95 0 2 7 25 30 37 47 58 78 92 98 99 -999
96 15 18 28 36 40 48 51 62 67 75 82 97 -999
97 20 25 29 30 40 47 49 54 55 58 60 61 62 75 92 98 -999
98 14 38 46 63 69 88 -999
99 5 15 21 24 28 30 34 49 57 61 62 64 69 70 75 -999
100 25 33 50 -999
101 5 14 35 36 37 49 64 78 91 93 -999
102 4 8 23 26 37 49 52 64 68 70 72 73 76 81 85 94 96 -999
103 -999
104 5 9 11 15 16 19 41 43 50 64 65 66 85 89 -999
105 0 9 10 26 31 58 61 68 72 73 74 89 95 -999
106 74 79 -999
107 2 52 55 60 64 72 74 82 91 95 -999
108 22 -999
109 5 43 50 77 89 94 95 -999
110 4 8 12 15 23 28 34 39 59 62 67 72 81 86 -999
111 0 6 21 22 23 31 32 45 47 48 56 58 66 67 74 76 83 87 92 -999
112 18 76 -999
113 -999
114 24 25 34 43 56 68 69 77 82 86 90 -999
115 26 27 28 71 83 91 96 97 -999
116 1 3 8 13 27 28 37 38 43 45 50 85 -999
117 13 34 49 50 54 65 67 69 81 92 93 -999
118 1 2 23 30 37 42 64 70 72 77 81 90 -999
119 69 79 95 -999
120 10 26 42 58 70 82 87 -999
121 10 13 42 51 58 60 83 86 -999
122 3 14 18 28 34 38 41 50 57 65 67 81 -999
123 7 28 30 33 35 40 48 56 58 60 61 63 65 75 78 86 89 92 -999
124 10 35 37 82 92 99 -999
125 8 32 35 44 47 52 69 94 -999
126 0 15 41 43 49 64 89 97 -999
127 0 19 23 33 48 51 54 74 80 90 91 97 -999
128 5 11 25 29 31 34 38 40 44 52 60 83 85 87 92 93 97 99 -999
129 10 20 49 71 73 77 78 79 92 93 97 -999
130 18 59 76 78 82 90 -999
131 3 8 24 49 59 67 72 77 80 -999
132 7 11 19 22 56 61 63 74 90 96 -999
133 16 32 52 -999
134 54 -999
135 4 15 32 36 40 60 62 80 84 87 96 98 99 -999
136 5 6 7 16 21 23 41 49 50 58 70 77 78 79 82 95 96 -999
137 53 65 76 78 81 84 93 95 99 -999
138 14 29 43 55 68 72 73 91 -999
139 48 51 -999
140 16 17 29 44 46 77 -999
141 12 15 26 36 40 46 49 51 52 57 69 87 91 93 -999
142 55 83 -999
143 11 13 40 45 47 50 61 65 70 75 78 80 89 97 -999
144 7 14 22 32 33 65 67 82 96 -999
145 10 41 -999
146 5 8 21 38 46 47 51 59 76 79 87 -999
147 14 22 28 53 55 60 66 77 86 -999
148 3 6 31 52 55 61 82 97 -999
149 96 -999
150 21 -999
151 18 22 24 26 32 35 43 47 53 59 74 76 80 88 98 -999
152 1 10 16 29 43 45 50 53 55 61 63 65 72 73 74 81 87 99 -999
153 12 -999
154 5 6 20 31 32 47 48 58 65 71 72 78 81 89 90 93 -999
155 20 66 71 94 96 97 -999
156 9 15 17 26 68 69 78 84 88 -999
157 18 28 85 90 97 99 -999
158 10 13 15 20 71 99 -999
159 18 31 67 80 87 -999
160 7 27 60 86 -999
161 0 4 6 11 13 22 31 37 52 68 71 77 85 93 -999
162 37 38 -999
163 47 55 61 81 84 87 89 93 -999
164 1 4 17 21 25 47 53 64 65 81 82 84 95 -999
165 6 11 13 16 40 43 51 56 68 79 80 93 -999
166 20 33 35 36 53 59 63 65 74 79 95 -999
167 -999
168 2 5 8 25 32 36 40 55 56 59 62 71 75 80 85 97 -999
169 8 80 -999
170 -999
171 0 7 35 40 41 46 55 58 66 72 73 74 80 88 93 97 -999
172 68 -999
173 9 12 17 18 21 22 25 36 42 43 48 55 62 68 96 -999
174 3 5 35 40 50 59 61 69 79 81 90 91 95 99 -999
175 14 18 20 29 33 42 44 52 53 63 83 87 -999
176 5 47 69 70 -999
177 10 21 23 26 40 45 70 71 76 79 83 87 88 90 -999
178 6 33 35 55 62 78 79 87 96 -999
179 1 5 35 62 65 79 90 93 -999
180 34 45 57 67 69 71 98 -999
181 1 4 18 21 23 27 28 38 44 63 64 65 71 72 90 92 97 -999
182 45 -999
183 12 15 22 38 41 51 55 79 93 95 -999
184 8 54 -999
185 7 45 -999
186 4 5 16 23 24 25 30 33 39 44 45 46 54 78 81 87 90 94 -999
187 8 9 24 30 35 37 38 63 89 97 -999
188 6 19 20 32 34 41 55 56 61 72 75 82 84 93 -999
189 36 67 79 83 -999
190 18 19 28 37 77 -999
191 1 7 19 32 36 41 56 60 74 75 76 80 84 90 91 93 95 -999
192 29 39 53 63 72 74 87 89 90 91 93 -999
193 3 -999
194 39 68 76 79 95 -999
195 2 15 21 22 23 26 28 34 38 39 43 49 78 81 83 91 93 99 -999
196 2 13 37 41 46 87 91 -999
197 -999
198 5 10 22 26 35 38 60 62 63 66 74 77 82 89 90 95 -999
199 11 25 42 45 47 63 67 89 -999
200 17 99 -999
201 3 26 48 -999
202 5 19 31 36 56 58 62 67 70 75 95 -999
203 3 15 88 91 -999
204 0 19 33 42 54 69 72 75 83 91 -999
205 2 3 11 22 33 38 41 47 50 52 57 58 71 79 83 85 90 93 -999
206 2 8 22 35 42 61 68 94 95 99 -999
207 41 42 45 47 57 69 78 80 -999
208 2 3 4 10 29 52 54 61 62 64 69 73 85 -999
209 11 18 30 31 44 47 49 52 63 65 69 70 73 98 -999
210 3 11 16 22 34 40 43 50 51 52 53 63 76 77 79 80 88 92 -999
211 2 15 17 20 22 35 41 48 57 62 70 73 79 83 86 88 92 98 -999
212 3 7 10 19 28 30 31 32 49 52 64 65 67 72 81 89 90 95 -999
213 3 7 30 33 36 37 40 43 59 61 62 71 74 82 90 93 97 -999
214 3 17 23 40 45 59 61 66 83 86 90 -999
215 1 9 21 40 50 58 65 75 81 83 97 -999
216 0 4 38 71 79 87 99 -999
217 5 18 22 28 35 40 59 60 61 98 -999
218 14 -999
219 38 46 61 70 76 93 96 -999
220 1 17 26 33 34 48 52 55 58 59 60 65 71 73 93 -999
221 3 11 27 33 37 48 68 89 90 93 94 98 -999
222 4 16 23 31 34 36 43 47 49 54 61 66 67 69 75 85 93 98 99 -999
223 8 11 14 23 27 30 43 48 67 69 84 90 92 -999
224 6 74 95 99 -999
225 3 9 12 18 26 40 41 47 51 58 64 66 70 75 76 86 89 95 -999
226 28 50 55 81 83 85 86 87 90 -999
227 62 77 -999
228 32 65 72 85 -999
229 25 45 46 60 65 78 83 89 -999
230 1 10 20 21 27 34 35 36 37 51 55 56 71 73 74 75 80 90 -999
231 12 18 25 73 82 -999
232 3 5 15 17 29 31 39 45 46 47 58 62 72 92 94 98 99 -999
233 1 3 8 25 34 38 42 62 72 73 77 78 80 82 97 -999
234 21 26 36 38 39 63 75 77 78 -999
235 0 61 62 81 -999
236 48 95 -999
237 7 16 37 93 -999
238 21 44 58 59 -999
239 19 68 77 -999
240 0 15 23 24 27 29 36 41 48 52 57 59 64 72 91 93 98 -999
241 33 38 74 85 -999
242 0 9 23 24 29 62 78 84 85 93 -999
243 7 12 65 67 77 -999
244 4 34 90 91 -999
245 85 -999
246 8 18 21 24 27 42 54 69 76 86 90 93 97 98 -999
247 0 2 18 19 38 66 84 90 -999
248 2 4 8 14 20 21 27 32 39 41 42 46 54 56 74 78 87 88 98 -999
249 4 8 9 13 20 33 42 43 60 61 63 78 85 86 87 91 -999
250 1 7 11 12 15 24 38 51 56 59 61 70 84 89 -999
251 2 12 13 28 32 41 43 51 55 60 61 66 72 73 75 76 90 93 -999
252 3 7 19 29 51 53 70 72 92 -999
253 5 7 9 40 62 83 94 -999
254 5 14 22 23 29 32 39 47 53 54 56 60 66 70 71 83 87 89 -999
255 17 29 42 45 52 54 56 59 86 87 88 -999
256 19 31 33 38 60 67 -999
257 7 14 16 17 20 22 30 42 43 47 53 60 63 69 93 98 -999
258 0 12 14 17 20 26 34 51 54 64 66 71 75 76 92 93 -999
259 4 8 23 30 34 37 43 44 46 57 61 63 64 72 74 77 85 88 89 -999
260 18 -999
261 0 17 23 30 32 61 69 79 91 92 98 -999
262 2 3 9 14 16 28 30 36 41 53 67 69 73 81 83 85 95 -999
263 5 10 11 15 38 45 47 53 57 64 66 67 71 77 81 87 92 -999
264 4 20 30 40 75 77 80 86 89 90 98 -999
265 0 9 10 16 18 19 27 44 59 79 88 -999
266 6 28 29 30 33 46 49 53 54 58 59 60 71 72 93 94 -999
267 21 -999
268 8 29 33 60 61 66 70 85 -999
269 6 62 -999
270 9 17 33 34 35 38 40 53 57 58 66 69 79 83 87 93 95 97 -999
271 51 66 93 -999
272 -999
273 10 12 13 17 28 30 37 51 74 89 92 95 96 97 -999
274 20 40 44 62 69 82 86 92 93 -999
275 3 5 7 9 11 13 27 46 62 64 81 93 94 95 -999
276 11 24 27 33 35 40 54 68 -999
277 27 77 -999
278 0 11 22 23 27 29 30 31 35 37 40 42 54 58 76 80 95 -999
279 0 21 28 31 40 43 52 55 70 71 75 85 93 -999
280 12 31 34 39 40 48 52 57 62 64 65 86 87 96 -999
281 1 32 50 56 70 82 93 99 -999
282 4 31 50 75 -999
283 1 23 38 41 43 66 -999
284 -999
285 2 13 15 18 28 29 37 54 59 63 66 69 77 79 88 -999
286 2 8 11 23 48 53 65 72 81 93 95 97 -999
287 5 15 23 28 53 56 65 69 78 84 -999
288 0 33 40 68 85 -999
289 1 6 10 32 33 35 48 56 60 71 72 81 82 85 -999
290 3 33 37 43 68 71 95 -999
291 11 79 -999
292 6 12 19 26 27 30 34 43 58 61 84 88 91 93 -999
293 24 35 93 94 -999
294 27 67 -999
295 37 40 46 86 89 -999
296 0 3 11 25 42 43 56 59 77 78 -999
297 4 6 12 13 15 16 18 23 25 35 41 57 68 96 98 -999
298 11 13 22 27 43 46 47 50 54 55 58 70 72 73 80 86 90 94 96 -999
299 41 -999
300 3 13 24 25 29 95 -999
301 0 7 17 21 25 34 40 41 60 67 79 87 92 93 -999
302 3 11 23 25 28 36 39 43 44 47 48 50 53 54 78 92 93 -999
303 4 26 38 61 71 86 -999
304 28 51 56 67 99 -999
305 1 4 12 17 21 28 41 42 44 46 66 67 68 87 91 93 96 97 99 -999
306 20 44 -999
307 3 14 17 18 19 25 32 37 49 51 52 59 63 74 83 84 90 95 -999
308 24 37 48 68 69 97 -999
309 14 48 69 71 77 82 93 -999
310 11 43 84 95 -999
311 14 18 33 49 65 69 73 74 90 92 93 98 99 -999
312 6 8 11 20 21 31 38 45 47 49 52 57 58 63 68 71 82 88 -999
313 6 23 -999
314 18 23 45 51 56 89 -999
315 6 10 13 36 43 44 51 80 91 97 -999
316 45 -999
317 2 4 5 11 14 17 24 27 49 55 56 58 68 79 85 86 89 98 -999
318 10 12 22 29 32 50 72 75 89 96 -999
319 1 11 16 25 28 35 51 52 53 70 72 76 77 85 93 97 -999
320 2 8 21 26 28 39 44 45 47 49 56 58 77 79 80 86 88 96 -999
321 19 26 31 47 62 77 85 91 -999
322 9 21 54 56 69 84 -999
323 16 35 60 65 97 -999
324 5 30 43 49 55 75 77 86 87 88 -999
325 0 53 -999
326 4 7 8 10 15 37 40 54 85 88 89 92 97 99 -999
327 0 8 10 12 29 33 37 51 57 64 68 82 83 -999
328 32 -999
329 1 10 12 15 20 35 40 56 63 69 77 83 84 87 92 97 99 -999
330 4 12 22 24 33 34 49 53 55 75 78 84 86 92 -999
331 5 6 17 22 31 37 50 53 60 62 73 84 97 -999
332 25 28 37 38 42 47 55 57 84 85 90 92 95 96 98 99 -999
333 5 9 46 53 67 93 -999
334 6 39 54 65 -999
335 13 18 27 36 47 61 75 92 99 -999
336 9 15 23 30 34 36 41 44 66 86 90 96 -999
337 0 6 8 16 18 25 29 36 41 44 49 68 71 77 85 90 93 -999
338 -999
339 0 4 11 23 28 36 40 41 45 47 50 64 66 70 83 84 -999
340 7 56 57 66 78 88 -999
341 2 6 7 14 17 26 32 34 39 46 55 58 62 67 74 90 91 95 96 -999
342 1 12 22 38 57 64 70 76 79 86 -999
343 0 8 39 43 44 47 52 56 61 79 80 90 -999
344 1 7 9 13 19 21 29 34 36 39 42 47 58 69 71 75 77 84 -999
345 2 4 5 13 16 23 27 32 38 40 65 71 79 81 82 88 98 -999
346 1 12 13 14 16 22 33 38 41 49 51 59 64 71 74 83 84 89 95 -999
347 4 10 22 24 34 38 39 41 48 52 55 65 67 68 72 87 91 -999
348 15 18 33 37 41 45 74 76 -999
349 5 18 24 27 34 40 44 46 52 56 66 76 81 96 -999
350 0 16 17 24 41 43 59 64 65 71 91 -999
351 2 46 57 66 75 -999
352 1 3 5 26 45 46 49 50 52 53 84 89 -999
353 23 25 36 70 93 95 -999
354 10 15 36 50 52 56 61 76 90 92 95 96 -999
355 -999
356 29 34 50 82 -999
357 17 36 66 82 84 90 -999
358 1 10 20 21 25 38 45 50 54 67 80 82 83 88 93 95 -999
359 32 33 89 90 96 -999
360 0 7 11 13 17 18 29 45 51 52 53 54 61 63 64 66 76 79 83 -999
361 10 22 42 46 55 57 58 62 64 87 98 -999
362 40 46 65 80 97 -999
363 64 94 -999
364 0 6 15 70 -999
365 2 11 15 33 67 96 -999
366 19 48 54 75 79 -999
367 9 21 22 52 58 71 92 97 -999
368 6 7 8 12 15 20 36 41 44 53 59 67 69 79 81 84 85 97 99 -999
369 7 24 26 28 45 46 74 75 84 -999
370 14 -999
371 4 5 7 17 38 55 68 93 97 -999
372 43 -999
373 4 30 33 36 52 54 55 70 72 76 79 88 97 -999
374 15 -999
375 14 31 38 60 75 80 -999
376 2 18 19 21 28 31 33 38 42 47 61 63 70 72 81 90 98 -999
377 6 22 44 45 77 86 94 -999
378 40 47 85 -999
379 23 37 53 68 -999
380 1 6 12 18 42 55 56 58 66 76 -999
381 23 84 -999
382 1 11 12 20 50 75 83 88 95 98 -999
383 16 32 43 45 48 58 59 62 71 72 84 87 -999
384 83 -999
385 5 15 16 39 76 83 97 98 -999
386 17 20 30 69 75 87 -999
387 35 89 -999
388 13 22 35 45 73 77 79 80 81 83 85 86 96 -999
389 19 21 36 52 60 82 85 88 -999
390 2 11 21 39 45 47 57 64 65 72 76 78 86 92 96 98 -999
391 10 20 33 54 59 60 67 80 91 98 -999
392 3 15 36 37 42 56 66 67 72 75 76 86 90 95 99 -999
393 6 8 12 13 14 25 26 30 38 40 49 52 54 60 64 65 79 85 -999
394 8 15 17 21 29 39 45 47 53 62 65 66 69 70 73 81 89 91 -999
395 41 59 71 -999
396 14 36 44 50 55 66 68 70 72 88 99 -999
397 2 5 6 13 17 23 26 27 34 53 59 61 63 70 71 73 87 95 -999
398 7 15 19 23 26 33 44 52 65 71 79 85 87 93 96 99 -999
399 9 13 19 28 35 53 57 59 65 86 90 92 -999
400 68 -999
401 11 16 24 31 43 56 74 78 95 -999
402 22 57 71 74 95 -999
403 0 2 3 5 8 18 20 22 28 31 32 57 58 61 80 83 90 95 -999
404 13 14 20 25 32 46 58 64 67 74 82 83 87 90 92 94 -999
405 8 18 19 20 28 31 48 63 66 67 79 80 87 91 92 -999
406 14 18 20 25 35 59 -999
407 1 2 8 19 24 34 47 51 56 60 72 76 78 89 90 94 -999
408 9 23 27 39 -999
409 14 15 16 23 27 36 37 44 46 52 58 69 76 78 86 88 99 -999
410 15 16 24 26 29 33 42 49 56 62 72 74 82 84 88 96 -999
411 2 75 -999
412 13 17 21 22 24 33 43 44 52 54 55 59 65 73 93 99 -999
413 -999
414 1 8 20 22 26 29 54 72 74 77 85 88 91 93 95 -999
415 37 76 -999
416 2 3 12 22 26 29 34 38 53 54 69 74 79 89 90 99 -999
417 34 48 72 -999
418 3 7 18 33 37 44 45 59 61 72 76 79 95 -999
419 11 16 20 28 29 32 35 49 56 58 72 96 -999
420 4 6 20 23 24 26 38 42 45 53 64 74 77 83 88 91 -999
421 4 11 24 25 28 35 41 42 46 49 55 90 -999
422 2 12 32 61 79 81 83 92 99 -999
423 5 28 39 59 69 80 90 -999
424 10 16 25 40 44 45 48 56 78 80 98 -999
425 5 18 26 32 33 36 38 64 65 72 79 82 87 93 99 -999
426 8 18 38 44 45 49 59 62 67 69 78 96 -999
427 0 3 4 17 23 26 30 43 47 52 61 65 66 68 73 86 90 96 -999
428 24 28 60 68 79 97 -999
429 11 12 17 25 34 35 45 50 52 54 60 62 64 67 69 70 87 90 -999
430 15 42 73 79 88 -999
431 9 11 19 20 21 26 30 40 54 57 69 81 84 86 88 93 99 -999
432 5 13 17 19 29 34 49 50 53 57 60 65 70 77 92 94 -999
433 53 54 62 76 91 -999
434 16 21 34 44 45 47 50 52 59 61 66 93 -999
435 7 18 39 54 68 -999
436 16 20 29 32 35 59 82 92 98 99 -999
437 3 6 18 28 35 42 52 57 70 71 77 78 80 83 85 86 95 99 -999
438 -999
439 49 -999
440 26 37 57 85 -999
441 38 -999
442 9 23 33 35 39 61 68 73 81 84 93 96 99 -999
443 6 23 40 42 49 50 67 69 83 87 88 -999
444 -999
445 6 19 20 23 29 38 46 56 58 63 66 70 75 83 85 88 96 98 -999
446 19 41 45 54 58 69 75 91 94 97 -999
447 37 -999
448 -999
449 13 26 27 36 38 53 58 70 75 80 84 85 -999
450 17 29 31 33 35 37 48 49 51 70 71 73 76 77 81 99 -999
451 0 16 28 34 40 42 44 57 67 81 99 -999
452 31 41 49 -999
453 1 17 24 26 35 40 45 52 55 63 68 70 73 75 83 89 92 95 99 -999
454 8 11 14 24 30 43 56 58 65 80 -999
455 12 17 28 70 80 90 99 -999
456 -999
457 11 75 82 84 -999
458 26 36 44 66 68 92 -999
459 12 38 46 47 52 59 65 71 -999
460 10 16 25 29 34 36 43 45 48 50 57 58 63 66 70 74 -999
461 61 -999
462 0 15 24 25 29 37 39 51 64 74 75 76 82 88 95 -999
463 6 7 19 38 44 45 58 71 74 75 79 84 90 95 -999
464 20 22 25 27 28 29 32 39 53 55 57 66 71 89 90 94 -999
465 17 18 30 48 54 56 90 92 -999
466 39 43 -999
467 93 -999
